task: Detect the keypoints using SURF detector
task: Convert the descriptor to CV_32F for Flann Matcher
task: Matching descriptor vectors using FLANN matcher
task: Quick calculation of max and min distances keypoints
Max Dist: 476.886780
Min Dist: 20.518284
task: Get the good matches ie. that have only little error value
task: Get the vector of points which have a corresponding spot in both
task: Finding the Fundamental Matrix
-20	123	-123	
-104	-23	96	
-44	-30	122	
task: Read the camera calibration matrix
609.835266	0.000000	281.799408	
0.000000	608.515381	249.173309	
0.000000	0.000000	1.000000	
task: Read the camera distortion coefficients
0.194999	-0.842715	-0.004780	-0.020955	0.947832	
task: Find the Essential Matrix
Transpose of Camera Calibration Matrix K is:
609.835266	0.000000	0.000000	
0.000000	608.515381	0.000000	
281.799408	249.173309	1.000000	
Essential Matrix: 
-7437981.035909	45644579.124109	15178390.505758	
-38593790.478922	-8516692.281076	-21262820.223855	
-19267142.916304	17586302.049802	-1712599.035188	
task: Get the R and T vectors
sub-task: Get SVD of E
E decomposed into U_t, D_t & V_t using SVD
U_t:
[0.9160802292019992, 0.08010338847443872, -0.3929127903493674;
 -0.2291466581156589, 0.9086729836650727, -0.3490060426864265;
 0.3290726709096916, 0.4097521884165204, 0.8507727789182222]
D_t: 
[5.29697e+07, 4.75489e+07, 42.6644]
V_t: 
[-0.08137555259469195, 0.9354938748680581, 0.3438447753336598;
 -0.9161025934042124, 0.06568861072914201, -0.3955262883533174;
 -0.3925991057019677, -0.3471832606921331, 0.8516629178831219]
sub-task: Get the Translational vector
Values of Translational vector are:
[-0.3929127903493674;
 -0.3490060426864265;
 0.8507727789182222]
[0.3929127903493674;
 0.3490060426864265;
 -0.8507727789182222]
sub-task: Calculate the Rotational Vector
The Rotational Vectors are:
[-0.9986069109314113, 0.02184837811881873, -0.04803005115135683;
 0.02041762460246717, -0.6793442865904316, -0.7335355893769095;
 -0.04865550375463784, -0.7334943685199736, 0.6779518075083711]
[0.7284048906846121, 0.2889662971080422, -0.6212284558537262;
 -0.2604254332776751, 0.9554264159437151, 0.1390645800305828;
 0.6337230538088969, 0.06048836956484971, 0.7711914471896794]
sub-task: Calculate the Projection Matrix
The Camera Projection Matrix values are:
P1_1: 
[609.8352661132812, 0, 281.7994079589844, 0;
 0, 608.515380859375, 249.1733093261719, 0;
 0, 0, 1, 0]
P2_1: 
[-622.696803422422, -193.3743673059443, 161.7559989552601, 0.1351893447565828;
 0.3007857237389615, -596.1586664654493, -277.4401931030756, -0.3856761798770663;
 -0.04865550375463784, -0.7334943685199736, 0.6779518075083711, 0.8507727789182222]
P1_2: 
[609.8352661132812, 0, 281.7994079589844, 0;
 0, 608.515380859375, 249.1733093261719, 0;
 0, 0, 1, 0]
P2_2: 
[-622.696803422422, -193.3743673059443, 161.7559989552601, -0.1351893447565828;
 0.3007857237389615, -596.1586664654493, -277.4401931030756, 0.3856761798770663;
 -0.04865550375463784, -0.7334943685199736, 0.6779518075083711, -0.8507727789182222]
P1_3: 
[609.8352661132812, 0, 281.7994079589844, 0;
 0, 608.515380859375, 249.1733093261719, 0;
 0, 0, 1, 0]
P2_3: 
[622.7897717221728, 193.2674254264313, -161.5257274516159, 0.1351893447565828;
 -0.5660112025817057, 596.4637566013156, 276.7832609016513, -0.3856761798770663;
 0.6337230538088969, 0.06048836956484971, 0.7711914471896794, 0.8507727789182222]
P1_4: 
[609.8352661132812, 0, 281.7994079589844, 0;
 0, 608.515380859375, 249.1733093261719, 0;
 0, 0, 1, 0]
P2_4: 
[622.7897717221728, 193.2674254264313, -161.5257274516159, -0.1351893447565828;
 -0.5660112025817057, 596.4637566013156, 276.7832609016513, 0.3856761798770663;
 0.6337230538088969, 0.06048836956484971, 0.7711914471896794, -0.8507727789182222]
task: Get the corresponding 3D for each projection matrix set
The points_3D_1 mat is:
[0, 0, 0, 0, 0, 0, 0, 0, 0, inf, 0, 0, 0, 0, 0, 0, 0, 0, 0, 0, 0, 0, 0, 0, 0, 0, 0, 0, 0, 0, 0, 0, 0, 0, 0, 0, 0, 0, 0, 0, 0, 0, 0, 0, 0, 0, 0, 0, 0, 0, 0, 0, 0, 0, 0, 0, 0, 0, 0, 0, 0, 0, 0, 0, 0, 0, 0, 0, 0, 0;
 0, 0, 0, 0, 0, 0, 0, 0, 0, -nan, 0, 0, 0, 0, 0, 0, 0, 0, 0, 0, 0, 0, 0, 0, 0, 0, 0, 0, 0, 0, 0, 0, 0, 0, 0, 0, 0, 0, 0, 0, 0, 0, 0, 0, 0, 0, 0, 0, 0, 0, 0, 0, 0, 0, 0, 0, 0, 0, 0, 0, 0, 0, 0, 0, 0, 0, 0, 0, 0, 0;
 0, 0, 0, 0, 0, 0, 0, 0, 0, -nan, 0, 0, 0, 0, 0, 0, 0, 0, 0, 0, 0, 0, 0, 0, 0, 0, 0, 0, 0, 0, 0, 0, 0, 0, 0, 0, 0, 0, 0, 0, 0, 0, 0, 0, 0, 0, 0, 0, 0, 0, 0, 0, 0, 0, 0, 0, 0, 0, 0, 0, 0, 0, 0, 0, 0, 0, 0, 0, 0, 0;
 1, 1, 1, 1, 1, 1, 1, 1, 1, -nan, 1, 1, 1, 1, 1, 1, 1, 1, 1, 1, 1, 1, 1, 1, 1, 1, 1, 1, 1, 1, 1, 1, 1, 1, 1, 1, 1, 1, 1, 1, 1, 1, 1, 1, 1, 1, 1, 1, 1, 1, 1, 1, 1, 1, 1, 1, 1, 1, 1, 1, 1, 1, 1, 1, 1, 1, 1, 1, 1, 1]
The points_3D_2 mat is:
[0, 0, 0, 0, 0, 0, 0, 0, 0, inf, 0, 0, 0, 0, 0, 0, 0, 0, 0, 0, 0, 0, 0, 0, 0, 0, 0, 0, 0, 0, 0, 0, 0, 0, 0, 0, 0, 0, 0, 0, 0, 0, 0, 0, 0, 0, 0, 0, 0, 0, 0, 0, 0, 0, 0, 0, 0, 0, 0, 0, 0, 0, 0, 0, 0, 0, 0, 0, 0, 0;
 0, 0, 0, 0, 0, 0, 0, 0, 0, -nan, 0, 0, 0, 0, 0, 0, 0, 0, 0, 0, 0, 0, 0, 0, 0, 0, 0, 0, 0, 0, 0, 0, 0, 0, 0, 0, 0, 0, 0, 0, 0, 0, 0, 0, 0, 0, 0, 0, 0, 0, 0, 0, 0, 0, 0, 0, 0, 0, 0, 0, 0, 0, 0, 0, 0, 0, 0, 0, 0, 0;
 0, 0, 0, 0, 0, 0, 0, 0, 0, -nan, 0, 0, 0, 0, 0, 0, 0, 0, 0, 0, 0, 0, 0, 0, 0, 0, 0, 0, 0, 0, 0, 0, 0, 0, 0, 0, 0, 0, 0, 0, 0, 0, 0, 0, 0, 0, 0, 0, 0, 0, 0, 0, 0, 0, 0, 0, 0, 0, 0, 0, 0, 0, 0, 0, 0, 0, 0, 0, 0, 0;
 1, 1, 1, 1, 1, 1, 1, 1, 1, -nan, 1, 1, 1, 1, 1, 1, 1, 1, 1, 1, 1, 1, 1, 1, 1, 1, 1, 1, 1, 1, 1, 1, 1, 1, 1, 1, 1, 1, 1, 1, 1, 1, 1, 1, 1, 1, 1, 1, 1, 1, 1, 1, 1, 1, 1, 1, 1, 1, 1, 1, 1, 1, 1, 1, 1, 1, 1, 1, 1, 1]
The points_3D_3 mat is:
[0, 0, 0, 0, 0, 0, 0, 0, 0, -nan, 0, 0, 0, 0, 0, 0, 0, 0, 0, 0, 0, 0, 0, 0, 0, 0, 0, 0, 0, 0, 0, 0, 0, 0, 0, 0, 0, 0, 0, 0, 0, 0, 0, 0, 0, 0, 0, 0, 0, 0, 0, 0, 0, 0, 0, 0, 0, 0, 0, 0, 0, 0, 0, 0, 0, 0, 0, 0, 0, 0;
 0, 0, 0, 0, 0, 0, 0, 0, 0, inf, 0, 0, 0, 0, 0, 0, 0, 0, 0, 0, 0, 0, 0, 0, 0, 0, 0, 0, 0, 0, 0, 0, 0, 0, 0, 0, 0, 0, 0, 0, 0, 0, 0, 0, 0, 0, 0, 0, 0, 0, 0, 0, 0, 0, 0, 0, 0, 0, 0, 0, 0, 0, 0, 0, 0, 0, 0, 0, 0, 0;
 0, 0, 0, 0, 0, 0, 0, 0, 0, -nan, 0, 0, 0, 0, 0, 0, 0, 0, 0, 0, 0, 0, 0, 0, 0, 0, 0, 0, 0, 0, 0, 0, 0, 0, 0, 0, 0, 0, 0, 0, 0, 0, 0, 0, 0, 0, 0, 0, 0, 0, 0, 0, 0, 0, 0, 0, 0, 0, 0, 0, 0, 0, 0, 0, 0, 0, 0, 0, 0, 0;
 1, 1, 1, 1, 1, 1, 1, 1, 1, -nan, 1, 1, 1, 1, 1, 1, 1, 1, 1, 1, 1, 1, 1, 1, 1, 1, 1, 1, 1, 1, 1, 1, 1, 1, 1, 1, 1, 1, 1, 1, 1, 1, 1, 1, 1, 1, 1, 1, 1, 1, 1, 1, 1, 1, 1, 1, 1, 1, 1, 1, 1, 1, 1, 1, 1, 1, 1, 1, 1, 1]
The points_3D_4 mat is:
[0, 0, 0, 0, 0, 0, 0, 0, 0, -nan, 0, 0, 0, 0, 0, 0, 0, 0, 0, 0, 0, 0, 0, 0, 0, 0, 0, 0, 0, 0, 0, 0, 0, 0, 0, 0, 0, 0, 0, 0, 0, 0, 0, 0, 0, 0, 0, 0, 0, 0, 0, 0, 0, 0, 0, 0, 0, 0, 0, 0, 0, 0, 0, 0, 0, 0, 0, 0, 0, 0;
 0, 0, 0, 0, 0, 0, 0, 0, 0, inf, 0, 0, 0, 0, 0, 0, 0, 0, 0, 0, 0, 0, 0, 0, 0, 0, 0, 0, 0, 0, 0, 0, 0, 0, 0, 0, 0, 0, 0, 0, 0, 0, 0, 0, 0, 0, 0, 0, 0, 0, 0, 0, 0, 0, 0, 0, 0, 0, 0, 0, 0, 0, 0, 0, 0, 0, 0, 0, 0, 0;
 0, 0, 0, 0, 0, 0, 0, 0, 0, -nan, 0, 0, 0, 0, 0, 0, 0, 0, 0, 0, 0, 0, 0, 0, 0, 0, 0, 0, 0, 0, 0, 0, 0, 0, 0, 0, 0, 0, 0, 0, 0, 0, 0, 0, 0, 0, 0, 0, 0, 0, 0, 0, 0, 0, 0, 0, 0, 0, 0, 0, 0, 0, 0, 0, 0, 0, 0, 0, 0, 0;
 1, 1, 1, 1, 1, 1, 1, 1, 1, -nan, 1, 1, 1, 1, 1, 1, 1, 1, 1, 1, 1, 1, 1, 1, 1, 1, 1, 1, 1, 1, 1, 1, 1, 1, 1, 1, 1, 1, 1, 1, 1, 1, 1, 1, 1, 1, 1, 1, 1, 1, 1, 1, 1, 1, 1, 1, 1, 1, 1, 1, 1, 1, 1, 1, 1, 1, 1, 1, 1, 1]
Yo! Size: [70 x 4]
No of points: 70
No of points: 70
Selecting solution 2
No of points: 70
No of points: 70
Selecting solution 4
task: Get the rectification parameters
Sizes: [3 x 3] and of t: [1 x 3]
The rectified R1 is: 
[0.9388117045466779, 0.1253994191174546, -0.3207920963664256;
 -0.3438447753336598, 0.3955262883533174, -0.8516629178831223;
 0.02008367202247205, 0.9098538019409788, 0.4144426440554113]
The rectified R2 is: 
[0.9193564215014218, -0.1692913455122349, 0.3551397057198156;
 0.3929127903493675, 0.3490060426864264, -0.8507727789182224;
 0.02008256517415416, 0.9217023502753032, 0.3873776814337765]
The P1_rectified is: 
[-15802.30512402817, 0, -2572.63222694397, 0;
 0, -15802.30512402817, 13659.62116241455, 0;
 0, 0, 1, 0]
The P2_rectified is: 
[-15802.30512402817, 0, -2572.63222694397, 0;
 0, -15802.30512402817, 13659.62116241455, -15802.30512402817;
 0, 0, 1, 0]
The Q value is: 
[1, 0, 0, 2572.63222694397;
 0, 1, 0, -13659.62116241455;
 0, 0, 0, -15802.30512402817;
 0, 0, -1, 0]
task: Rectify the initial left and right images